update,mean_intval,count,Hist_-1,Hist_-0.9,Hist_-0.8,Hist_-0.7,Hist_-0.6,Hist_-0.5,Hist_-0.4,Hist_-0.3,Hist_-0.2,Hist_-0.1,Hist_0.0,Hist_0.1,Hist_0.2,Hist_0.3,Hist_0.4,Hist_0.5,Hist_0.6,Hist_0.7,Hist_0.8,Hist_0.9
0,0.00626667,1583,82,71,74,82,64,89,84,84,67,76,82,87,84,87,86,85,65,77,69,88
100,0.00583406,1582,82,72,74,82,64,89,83,84,67,75,82,87,85,87,85,85,65,77,69,88
200,0.00475056,1581,82,73,74,82,64,89,83,84,67,75,82,87,85,86,85,85,64,77,69,88
300,0.00384319,1581,82,74,74,82,64,89,83,84,67,75,82,87,85,86,85,84,64,77,69,88
400,0.00400969,1582,82,74,74,82,64,89,83,84,67,75,82,87,86,86,85,84,64,77,69,88
500,0.00237899,1583,82,76,74,82,64,89,83,84,67,75,81,87,88,86,84,84,64,77,68,88
600,0.00184272,1583,82,77,74,82,64,89,83,84,67,75,81,85,89,86,84,84,64,77,68,88
700,0.00144688,1585,82,78,74,82,64,89,83,84,67,75,81,85,90,86,84,84,64,77,68,88
800,0.000449217,1586,82,79,74,82,64,89,83,84,67,75,81,85,91,86,84,84,64,77,68,87
900,-0.00150771,1587,82,81,74,82,64,89,83,84,67,75,81,85,93,86,83,84,63,76,68,87
1000,-0.0015571,1587,81,82,74,82,64,89,83,84,67,75,81,85,94,86,82,84,63,76,68,87
